0.00000 0.00000 0.00000 0.00000
0.00000 0.01000 0.01000 0.01000
0.00000 0.02000 0.02000 0.02000
0.00000 0.03000 0.03000 0.03000
0.00000 0.04000 0.04000 0.04000
0.00000 0.05000 0.05000 0.05000
0.00000 0.06000 0.06000 0.06000
0.00000 0.07000 0.07000 0.07000
0.00000 0.08000 0.08000 0.08000
0.00000 0.09000 0.09000 0.09000
0.00000 0.10000 0.10000 0.10000
0.00000 0.11000 0.11000 0.11000
0.00000 0.12000 0.12000 0.12000
0.00000 0.13000 0.13000 0.13000
0.00000 0.14000 0.14000 0.14000
0.00000 0.15000 0.15000 0.15000
0.00000 0.16000 0.16000 0.16000
0.00000 0.17000 0.17000 0.17000
0.00000 0.18000 0.18000 0.18000
0.00000 0.19000 0.19000 0.19000
0.00000 0.20000 0.20000 0.20000
0.00000 0.21000 0.21000 0.21000
0.00000 0.22000 0.22000 0.22000
0.00000 0.23000 0.23000 0.23000
0.00000 0.24000 0.24000 0.24000
0.00000 0.25000 0.25000 0.25000
0.00000 0.26000 0.26000 0.26000
0.00000 0.27000 0.27000 0.27000
0.00000 0.28000 0.28000 0.28000
0.00000 0.29000 0.29000 0.29000
0.00000 0.30000 0.30000 0.30000
0.00000 0.31000 0.31000 0.31000
0.00000 0.32000 0.32000 0.32000
0.00000 0.33000 0.33000 0.33000
0.00000 0.34000 0.34000 0.34000
0.00000 0.35000 0.35000 0.35000
0.00000 0.36000 0.36000 0.36000
0.00000 0.37000 0.37000 0.37000
0.00000 0.38000 0.38000 0.38000
0.00000 0.39000 0.39000 0.39000
0.00000 0.40000 0.40000 0.40000
0.00000 0.41000 0.41000 0.41000
0.00000 0.42000 0.42000 0.42000
0.00000 0.43000 0.43000 0.43000
0.00000 0.44000 0.44000 0.44000
0.00000 0.45000 0.45000 0.45000
0.00000 0.46000 0.46000 0.46000
0.00000 0.47000 0.47000 0.47000
0.00000 0.48000 0.48000 0.48000
0.00000 0.49000 0.49000 0.49000
0.00000 0.50000 0.50000 0.50000
0.00000 0.51000 0.51000 0.51000
0.00000 0.52000 0.52000 0.52000
0.00000 0.53000 0.53000 0.53000
0.00000 0.54000 0.54000 0.54000
0.00000 0.55000 0.55000 0.55000
0.00000 0.56000 0.56000 0.56000
0.00000 0.57000 0.57000 0.57000
0.00000 0.58000 0.58000 0.58000
0.00000 0.59000 0.59000 0.59000
0.00000 0.60000 0.60000 0.60000
0.00000 0.61000 0.61000 0.61000
0.00000 0.62000 0.62000 0.62000
0.00000 0.63000 0.63000 0.63000
0.00000 0.64000 0.64000 0.64000
0.00000 0.65000 0.65000 0.65000
0.00000 0.66000 0.66000 0.66000
0.00000 0.67000 0.67000 0.67000
0.00000 0.68000 0.68000 0.68000
0.00000 0.69000 0.69000 0.69000
0.00000 0.70000 0.70000 0.70000
0.00000 0.71000 0.71000 0.71000
0.00000 0.72000 0.72000 0.72000
0.00000 0.73000 0.73000 0.73000
0.00000 0.74000 0.74000 0.74000
0.00000 0.75000 0.75000 0.75000
0.00000 0.76000 0.76000 0.76000
0.00000 0.77000 0.77000 0.77000
0.00000 0.78000 0.78000 0.78000
0.00000 0.79000 0.79000 0.79000
0.00000 0.80000 0.80000 0.80000
0.00000 0.81000 0.81000 0.81000
0.00000 0.82000 0.82000 0.82000
0.00000 0.83000 0.83000 0.83000
0.00000 0.84000 0.84000 0.84000
0.00000 0.85000 0.85000 0.85000
0.00000 0.86000 0.86000 0.86000
0.00000 0.87000 0.87000 0.87000
0.00000 0.88000 0.88000 0.88000
0.00000 0.89000 0.89000 0.89000
0.00000 0.90000 0.90000 0.90000
0.00000 0.91000 0.91000 0.91000
0.00000 0.92000 0.92000 0.92000
0.00000 0.93000 0.93000 0.93000
0.00000 0.94000 0.94000 0.94000
0.00000 0.95000 0.95000 0.95000
0.00000 0.96000 0.96000 0.96000
0.00000 0.97000 0.97000 0.97000
0.00000 0.98000 0.98000 0.98000
0.00000 0.99000 0.99000 0.99000
0.00000 1.00000 1.00000 1.00000
0.00000 1.01000 1.01000 1.01005
0.00000 1.02000 1.02000 1.02020
0.00000 1.03000 1.03000 1.03044
0.00000 1.04000 1.04000 1.04077
0.00000 1.05000 1.05000 1.05119
0.00000 1.06000 1.06000 1.06169
0.00000 1.07000 1.07000 1.07228
0.00000 1.08000 1.08000 1.08294
0.00000 1.09000 1.09000 1.09369
0.00000 1.10000 1.10000 1.10450
0.00000 1.11000 1.11000 1.11538
0.00000 1.12000 1.12000 1.12634
0.00000 1.13000 1.13000 1.13735
0.00000 1.14000 1.14000 1.14843
0.00000 1.15000 1.15000 1.15956
0.00000 1.16000 1.16000 1.17075
0.00000 1.17000 1.17000 1.18199
0.00000 1.18000 1.18000 1.19328
0.00000 1.19000 1.19000 1.20462
0.00000 1.20000 1.20000 1.21600
0.00000 1.21000 1.21000 1.22742
0.00000 1.22000 1.22000 1.23888
0.00000 1.23000 1.23000 1.25037
0.00000 1.24000 1.24000 1.26189
0.00000 1.25000 1.25000 1.27344
0.00000 1.26000 1.26000 1.28501
0.00000 1.27000 1.27000 1.29661
0.00000 1.28000 1.28000 1.30822
0.00000 1.29000 1.29000 1.31986
0.00000 1.30000 1.30000 1.33150
0.00000 1.31000 1.31000 1.34315
0.00000 1.32000 1.32000 1.35482
0.00000 1.33000 1.33000 1.36648
0.00000 1.34000 1.34000 1.37815
0.00000 1.35000 1.35000 1.38981
0.00000 1.36000 1.36000 1.40147
0.00000 1.37000 1.37000 1.41312
0.00000 1.38000 1.38000 1.42476
0.00000 1.39000 1.39000 1.43639
0.00000 1.40000 1.40000 1.44800
0.00000 1.41000 1.41000 1.45959
0.00000 1.42000 1.42000 1.47116
0.00000 1.43000 1.43000 1.48270
0.00000 1.44000 1.44000 1.49421
0.00000 1.45000 1.45000 1.50569
0.00000 1.46000 1.46000 1.51713
0.00000 1.47000 1.47000 1.52854
0.00000 1.48000 1.48000 1.53990
0.00000 1.49000 1.49000 1.55123
0.00000 1.50000 1.50000 1.56250
0.00000 1.51000 1.51000 1.57372
0.00000 1.52000 1.52000 1.58490
0.00000 1.53000 1.53000 1.59601
0.00000 1.54000 1.54000 1.60707
0.00000 1.55000 1.55000 1.61806
0.00000 1.56000 1.56000 1.62899
0.00000 1.57000 1.57000 1.63985
0.00000 1.58000 1.58000 1.65064
0.00000 1.59000 1.59000 1.66136
0.00000 1.60000 1.60000 1.67200
0.00000 1.61000 1.61000 1.68256
0.00000 1.62000 1.62000 1.69304
0.00000 1.63000 1.63000 1.70343
0.00000 1.64000 1.64000 1.71373
0.00000 1.65000 1.65000 1.72394
0.00000 1.66000 1.66000 1.73405
0.00000 1.67000 1.67000 1.74407
0.00000 1.68000 1.68000 1.75398
0.00000 1.69000 1.69000 1.76380
0.00000 1.70000 1.70000 1.77350
0.00000 1.71000 1.71000 1.78309
0.00000 1.72000 1.72000 1.79258
0.00000 1.73000 1.73000 1.80194
0.00000 1.74000 1.74000 1.81119
0.00000 1.75000 1.75000 1.82031
0.00000 1.76000 1.76000 1.82931
0.00000 1.77000 1.77000 1.83818
0.00000 1.78000 1.78000 1.84692
0.00000 1.79000 1.79000 1.85553
0.00000 1.80000 1.80000 1.86400
0.00000 1.81000 1.81000 1.87233
0.00000 1.82000 1.82000 1.88052
0.00000 1.83000 1.83000 1.88856
0.00000 1.84000 1.84000 1.89645
0.00000 1.85000 1.85000 1.90419
0.00000 1.86000 1.86000 1.91177
0.00000 1.87000 1.87000 1.91920
0.00000 1.88000 1.88000 1.92646
0.00000 1.89000 1.89000 1.93357
0.00000 1.90000 1.90000 1.94050
0.00000 1.91000 1.91000 1.94726
0.00000 1.92000 1.92000 1.95386
0.00000 1.93000 1.93000 1.96027
0.00000 1.94000 1.94000 1.96651
0.00000 1.95000 1.95000 1.97256
0.00000 1.96000 1.96000 1.97843
0.00000 1.97000 1.97000 1.98411
0.00000 1.98000 1.98000 1.98960
0.00000 1.99000 1.99000 1.99490
0.00000 2.00000 2.00000 2.00000
-0.00001 2.01002 2.01005 2.00490
-0.00003 2.02010 2.02020 2.00960
-0.00007 2.03022 2.03044 2.01411
-0.00012 2.04038 2.04077 2.01843
-0.00018 2.05059 2.05119 2.02256
-0.00025 2.06085 2.06169 2.02651
-0.00034 2.07114 2.07228 2.03027
-0.00044 2.08147 2.08294 2.03386
-0.00055 2.09184 2.09369 2.03726
-0.00068 2.10225 2.10450 2.04050
-0.00081 2.11269 2.11538 2.04357
-0.00095 2.12317 2.12634 2.04646
-0.00110 2.13368 2.13735 2.04920
-0.00126 2.14421 2.14843 2.05177
-0.00143 2.15478 2.15956 2.05419
-0.00161 2.16538 2.17075 2.05645
-0.00180 2.17600 2.18199 2.05856
-0.00199 2.18664 2.19328 2.06052
-0.00219 2.19731 2.20462 2.06233
-0.00240 2.20800 2.21600 2.06400
-0.00261 2.21871 2.22742 2.06553
-0.00283 2.22944 2.23888 2.06692
-0.00305 2.24018 2.25037 2.06818
-0.00328 2.25094 2.26189 2.06931
-0.00352 2.26172 2.27344 2.07031
-0.00375 2.27251 2.28501 2.07119
-0.00399 2.28330 2.29661 2.07194
-0.00423 2.29411 2.30822 2.07258
-0.00448 2.30493 2.31986 2.07309
-0.00473 2.31575 2.33150 2.07350
-0.00497 2.32658 2.34315 2.07380
-0.00522 2.33741 2.35482 2.07398
-0.00547 2.34824 2.36648 2.07407
-0.00572 2.35907 2.37815 2.07405
-0.00597 2.36991 2.38981 2.07394
-0.00622 2.38074 2.40147 2.07373
-0.00647 2.39156 2.41312 2.07343
-0.00671 2.40238 2.42476 2.07304
-0.00696 2.41320 2.43639 2.07256
-0.00720 2.42400 2.44800 2.07200
-0.00744 2.43479 2.45959 2.07136
-0.00767 2.44558 2.47116 2.07064
-0.00790 2.45635 2.48270 2.06985
-0.00813 2.46710 2.49421 2.06899
-0.00835 2.47784 2.50569 2.06806
-0.00857 2.48857 2.51713 2.06707
-0.00878 2.49927 2.52854 2.06601
-0.00899 2.50995 2.53990 2.06490
-0.00918 2.52061 2.55123 2.06372
-0.00938 2.53125 2.56250 2.06250
-0.00956 2.54186 2.57372 2.06123
-0.00973 2.55245 2.58490 2.05990
-0.00990 2.56301 2.59601 2.05854
-0.01006 2.57353 2.60707 2.05713
-0.01021 2.58403 2.61806 2.05569
-0.01035 2.59450 2.62899 2.05421
-0.01048 2.60493 2.63985 2.05270
-0.01060 2.61532 2.65064 2.05116
-0.01070 2.62568 2.66136 2.04959
-0.01080 2.63600 2.67200 2.04800
-0.01088 2.64628 2.68256 2.04639
-0.01096 2.65652 2.69304 2.04476
-0.01101 2.66671 2.70343 2.04312
-0.01106 2.67686 2.71373 2.04147
-0.01109 2.68697 2.72394 2.03981
-0.01111 2.69703 2.73405 2.03815
-0.01111 2.70703 2.74407 2.03648
-0.01110 2.71699 2.75398 2.03482
-0.01107 2.72690 2.76380 2.03315
-0.01103 2.73675 2.77350 2.03150
-0.01096 2.74655 2.78309 2.02986
-0.01089 2.75629 2.79258 2.02822
-0.01079 2.76597 2.80194 2.02661
-0.01068 2.77559 2.81119 2.02501
-0.01055 2.78516 2.82031 2.02344
-0.01040 2.79466 2.82931 2.02189
-0.01023 2.80409 2.83818 2.02037
-0.01004 2.81346 2.84692 2.01888
-0.00983 2.82277 2.85553 2.01742
-0.00960 2.83200 2.86400 2.01600
-0.00935 2.84116 2.87233 2.01462
-0.00908 2.85026 2.88052 2.01328
-0.00878 2.85928 2.88856 2.01199
-0.00847 2.86822 2.89645 2.01075
-0.00813 2.87709 2.90419 2.00956
-0.00777 2.88589 2.91177 2.00843
-0.00738 2.89460 2.91920 2.00735
-0.00697 2.90323 2.92646 2.00634
-0.00653 2.91178 2.93357 2.00538
-0.00608 2.92025 2.94050 2.00450
-0.00559 2.92863 2.94726 2.00369
-0.00508 2.93693 2.95386 2.00294
-0.00454 2.94514 2.96027 2.00228
-0.00398 2.95325 2.96651 2.00169
-0.00338 2.96128 2.97256 2.00119
-0.00276 2.96922 2.97843 2.00077
-0.00212 2.97706 2.98411 2.00044
-0.00144 2.98480 2.98960 2.00020
-0.00074 2.99245 2.99490 2.00005
0.00000 3.00000 3.00000 2.00000
0.00076 3.00746 3.00490 2.00000
0.00152 3.01482 3.00960 2.00000
0.00230 3.02210 3.01411 2.00000
0.00308 3.02929 3.01843 2.00000
0.00388 3.03640 3.02256 2.00000
0.00469 3.04342 3.02651 2.00000
0.00550 3.05036 3.03027 2.00000
0.00633 3.05722 3.03386 2.00000
0.00717 3.06400 3.03726 2.00000
0.00803 3.07070 3.04050 2.00000
0.00889 3.07732 3.04357 2.00000
0.00976 3.08387 3.04646 2.00000
0.01065 3.09033 3.04920 2.00000
0.01155 3.09673 3.05177 2.00000
0.01246 3.10305 3.05419 2.00000
0.01338 3.10930 3.05645 2.00000
0.01432 3.11548 3.05856 2.00000
0.01527 3.12159 3.06052 2.00000
0.01623 3.12763 3.06233 2.00000
0.01720 3.13360 3.06400 2.00000
0.01819 3.13951 3.06553 2.00000
0.01919 3.14535 3.06692 2.00000
0.02020 3.15113 3.06818 2.00000
0.02123 3.15684 3.06931 2.00000
0.02227 3.16250 3.07031 2.00000
0.02332 3.16810 3.07119 2.00000
0.02439 3.17363 3.07194 2.00000
0.02547 3.17911 3.07258 2.00000
0.02656 3.18453 3.07309 2.00000
0.02768 3.18990 3.07350 2.00000
0.02880 3.19521 3.07380 2.00000
0.02994 3.20047 3.07398 2.00000
0.03109 3.20568 3.07407 2.00000
0.03226 3.21084 3.07405 2.00000
0.03345 3.21595 3.07394 2.00000
0.03465 3.22101 3.07373 2.00000
0.03586 3.22603 3.07343 2.00000
0.03709 3.23099 3.07304 2.00000
0.03834 3.23592 3.07256 2.00000
0.03960 3.24080 3.07200 2.00000
0.04088 3.24564 3.07136 2.00000
0.04217 3.25044 3.07064 2.00000
0.04348 3.25520 3.06985 2.00000
0.04481 3.25992 3.06899 2.00000
0.04615 3.26460 3.06806 2.00000
0.04751 3.26925 3.06707 2.00000
0.04889 3.27386 3.06601 2.00000
0.05028 3.27844 3.06490 2.00000
0.05170 3.28298 3.06372 2.00000
0.05313 3.28750 3.06250 2.00000
0.05457 3.29199 3.06123 2.00000
0.05604 3.29644 3.05990 2.00000
0.05752 3.30087 3.05854 2.00000
0.05902 3.30527 3.05713 2.00000
0.06053 3.30965 3.05569 2.00000
0.06207 3.31400 3.05421 2.00000
0.06362 3.31833 3.05270 2.00000
0.06520 3.32264 3.05116 2.00000
0.06679 3.32693 3.04959 2.00000
0.06840 3.33120 3.04800 2.00000
0.07003 3.33545 3.04639 2.00000
0.07168 3.33969 3.04476 2.00000
0.07335 3.34390 3.04312 2.00000
0.07503 3.34811 3.04147 2.00000
0.07674 3.35230 3.03981 2.00000
0.07847 3.35648 3.03815 2.00000
0.08021 3.36065 3.03648 2.00000
0.08198 3.36481 3.03482 2.00000
0.08377 3.36896 3.03315 2.00000
0.08557 3.37310 3.03150 2.00000
0.08740 3.37724 3.02986 2.00000
0.08925 3.38137 3.02822 2.00000
0.09112 3.38550 3.02661 2.00000
0.09301 3.38962 3.02501 2.00000
0.09492 3.39375 3.02344 2.00000
0.09685 3.39788 3.02189 2.00000
0.09881 3.40200 3.02037 2.00000
0.10078 3.40613 3.01888 2.00000
0.10278 3.41026 3.01742 2.00000
0.10480 3.41440 3.01600 2.00000
0.10684 3.41854 3.01462 2.00000
0.10890 3.42269 3.01328 2.00000
0.11099 3.42685 3.01199 2.00000
0.11310 3.43102 3.01075 2.00000
0.11523 3.43520 3.00956 2.00000
0.11738 3.43939 3.00843 2.00000
0.11956 3.44360 3.00735 2.00000
0.12176 3.44781 3.00634 2.00000
0.12398 3.45205 3.00538 2.00000
0.12622 3.45630 3.00450 2.00000
0.12849 3.46057 3.00369 2.00000
0.13079 3.46486 3.00294 2.00000
0.13310 3.46917 3.00228 2.00000
0.13544 3.47350 3.00169 2.00000
0.13781 3.47785 3.00119 2.00000
0.14020 3.48223 3.00077 2.00000
0.14261 3.48663 3.00044 2.00000
0.14505 3.49106 3.00020 2.00000
0.14751 3.49551 3.00005 2.00000
0.15000 3.50000 3.00000 2.00000
0.15251 3.50450 3.00000 2.00000
0.15505 3.50902 3.00000 2.00000
0.15761 3.51354 3.00000 2.00000
0.16020 3.51807 3.00000 2.00000
0.16281 3.52261 3.00000 2.00000
0.16544 3.52716 3.00000 2.00000
0.16810 3.53171 3.00000 2.00000
0.17079 3.53627 3.00000 2.00000
0.17349 3.54083 3.00000 2.00000
0.17623 3.54540 3.00000 2.00000
0.17898 3.54997 3.00000 2.00000
0.18176 3.55455 3.00000 2.00000
0.18456 3.55913 3.00000 2.00000
0.18738 3.56371 3.00000 2.00000
0.19023 3.56829 3.00000 2.00000
0.19310 3.57287 3.00000 2.00000
0.19599 3.57745 3.00000 2.00000
0.19890 3.58204 3.00000 2.00000
0.20184 3.58662 3.00000 2.00000
0.20480 3.59120 3.00000 2.00000
0.20778 3.59578 3.00000 2.00000
0.21078 3.60036 3.00000 2.00000
0.21381 3.60493 3.00000 2.00000
0.21685 3.60950 3.00000 2.00000
0.21992 3.61406 3.00000 2.00000
0.22301 3.61862 3.00000 2.00000
0.22612 3.62318 3.00000 2.00000
0.22925 3.62772 3.00000 2.00000
0.23240 3.63227 3.00000 2.00000
0.23558 3.63680 3.00000 2.00000
0.23877 3.64133 3.00000 2.00000
0.24198 3.64584 3.00000 2.00000
0.24521 3.65035 3.00000 2.00000
0.24847 3.65485 3.00000 2.00000
0.25174 3.65934 3.00000 2.00000
0.25503 3.66381 3.00000 2.00000
0.25835 3.66828 3.00000 2.00000
0.26168 3.67273 3.00000 2.00000
0.26503 3.67717 3.00000 2.00000
0.26840 3.68160 3.00000 2.00000
0.27179 3.68601 3.00000 2.00000
0.27520 3.69041 3.00000 2.00000
0.27862 3.69479 3.00000 2.00000
0.28207 3.69916 3.00000 2.00000
0.28553 3.70351 3.00000 2.00000
0.28902 3.70785 3.00000 2.00000
0.29252 3.71216 3.00000 2.00000
0.29604 3.71646 3.00000 2.00000
0.29957 3.72074 3.00000 2.00000
0.30313 3.72500 3.00000 2.00000
0.30670 3.72924 3.00000 2.00000
0.31028 3.73346 3.00000 2.00000
0.31389 3.73766 3.00000 2.00000
0.31751 3.74183 3.00000 2.00000
0.32115 3.74599 3.00000 2.00000
0.32481 3.75012 3.00000 2.00000
0.32848 3.75423 3.00000 2.00000
0.33217 3.75831 3.00000 2.00000
0.33588 3.76237 3.00000 2.00000
0.33960 3.76640 3.00000 2.00000
0.34334 3.77041 3.00000 2.00000
0.34709 3.77439 3.00000 2.00000
0.35086 3.77834 3.00000 2.00000
0.35465 3.78227 3.00000 2.00000
0.35845 3.78616 3.00000 2.00000
0.36226 3.79003 3.00000 2.00000
0.36609 3.79387 3.00000 2.00000
0.36994 3.79768 3.00000 2.00000
0.37380 3.80145 3.00000 2.00000
0.37767 3.80520 3.00000 2.00000
0.38156 3.80891 3.00000 2.00000
0.38547 3.81260 3.00000 2.00000
0.38939 3.81624 3.00000 2.00000
0.39332 3.81986 3.00000 2.00000
0.39727 3.82344 3.00000 2.00000
0.40123 3.82698 3.00000 2.00000
0.40520 3.83049 3.00000 2.00000
0.40919 3.83396 3.00000 2.00000
0.41319 3.83740 3.00000 2.00000
0.41720 3.84080 3.00000 2.00000
0.42123 3.84416 3.00000 2.00000
0.42527 3.84748 3.00000 2.00000
0.42932 3.85077 3.00000 2.00000
0.43338 3.85401 3.00000 2.00000
0.43746 3.85721 3.00000 2.00000
0.44155 3.86037 3.00000 2.00000
0.44565 3.86349 3.00000 2.00000
0.44976 3.86657 3.00000 2.00000
0.45389 3.86961 3.00000 2.00000
0.45803 3.87260 3.00000 2.00000
0.46217 3.87555 3.00000 2.00000
0.46633 3.87845 3.00000 2.00000
0.47050 3.88131 3.00000 2.00000
0.47469 3.88412 3.00000 2.00000
0.47888 3.88689 3.00000 2.00000
0.48308 3.88961 3.00000 2.00000
0.48730 3.89228 3.00000 2.00000
0.49152 3.89490 3.00000 2.00000
0.49576 3.89748 3.00000 2.00000
0.50000 3.90000 3.00000 2.00000
0.50424 3.90248 3.00005 2.00000
0.50846 3.90490 3.00020 2.00000
0.51266 3.90728 3.00044 2.00000
0.51685 3.90961 3.00077 2.00000
0.52102 3.91189 3.00119 2.00000
0.52518 3.91412 3.00169 2.00000
0.52932 3.91631 3.00228 2.00000
0.53345 3.91845 3.00294 2.00000
0.53757 3.92055 3.00369 2.00000
0.54167 3.92260 3.00450 2.00000
0.54577 3.92461 3.00538 2.00000
0.54986 3.92657 3.00634 2.00000
0.55394 3.92849 3.00735 2.00000
0.55802 3.93037 3.00843 2.00000
0.56209 3.93221 3.00956 2.00000
0.56616 3.93401 3.01075 2.00000
0.57022 3.93577 3.01199 2.00000
0.57428 3.93748 3.01328 2.00000
0.57834 3.93916 3.01462 2.00000
0.58240 3.94080 3.01600 2.00000
0.58646 3.94240 3.01742 2.00000
0.59052 3.94396 3.01888 2.00000
0.59459 3.94549 3.02037 2.00000
0.59866 3.94698 3.02189 2.00000
0.60273 3.94844 3.02344 2.00000
0.60682 3.94986 3.02501 2.00000
0.61090 3.95124 3.02661 2.00000
0.61500 3.95260 3.02822 2.00000
0.61911 3.95391 3.02986 2.00000
0.62323 3.95520 3.03150 2.00000
0.62735 3.95645 3.03315 2.00000
0.63149 3.95768 3.03482 2.00000
0.63565 3.95887 3.03648 2.00000
0.63982 3.96003 3.03815 2.00000
0.64400 3.96116 3.03981 2.00000
0.64820 3.96227 3.04147 2.00000
0.65242 3.96334 3.04312 2.00000
0.65666 3.96439 3.04476 2.00000
0.66092 3.96541 3.04639 2.00000
0.66520 3.96640 3.04800 2.00000
0.66950 3.96737 3.04959 2.00000
0.67383 3.96831 3.05116 2.00000
0.67817 3.96923 3.05270 2.00000
0.68255 3.97012 3.05421 2.00000
0.68695 3.97099 3.05569 2.00000
0.69137 3.97183 3.05713 2.00000
0.69583 3.97266 3.05854 2.00000
0.70031 3.97346 3.05990 2.00000
0.70483 3.97424 3.06123 2.00000
0.70938 3.97500 3.06250 2.00000
0.71395 3.97574 3.06372 2.00000
0.71857 3.97646 3.06490 2.00000
0.72321 3.97716 3.06601 2.00000
0.72790 3.97785 3.06707 2.00000
0.73262 3.97851 3.06806 2.00000
0.73737 3.97916 3.06899 2.00000
0.74217 3.97979 3.06985 2.00000
0.74700 3.98041 3.07064 2.00000
0.75188 3.98101 3.07136 2.00000
0.75680 3.98160 3.07200 2.00000
0.76176 3.98217 3.07256 2.00000
0.76677 3.98273 3.07304 2.00000
0.77182 3.98328 3.07343 2.00000
0.77692 3.98381 3.07373 2.00000
0.78206 3.98434 3.07394 2.00000
0.78725 3.98485 3.07405 2.00000
0.79249 3.98535 3.07407 2.00000
0.79779 3.98584 3.07398 2.00000
0.80313 3.98633 3.07380 2.00000
0.80852 3.98680 3.07350 2.00000
0.81397 3.98727 3.07309 2.00000
0.81948 3.98773 3.07258 2.00000
0.82504 3.98818 3.07194 2.00000
0.83065 3.98862 3.07119 2.00000
0.83633 3.98906 3.07031 2.00000
0.84206 3.98950 3.06931 2.00000
0.84785 3.98993 3.06818 2.00000
0.85371 3.99036 3.06692 2.00000
0.85962 3.99078 3.06553 2.00000
0.86560 3.99120 3.06400 2.00000
0.87164 3.99162 3.06233 2.00000
0.87775 3.99204 3.06052 2.00000
0.88392 3.99245 3.05856 2.00000
0.89016 3.99287 3.05645 2.00000
0.89647 3.99329 3.05419 2.00000
0.90285 3.99371 3.05177 2.00000
0.90930 3.99413 3.04920 2.00000
0.91582 3.99455 3.04646 2.00000
0.92241 3.99497 3.04357 2.00000
0.92908 3.99540 3.04050 2.00000
0.93581 3.99583 3.03726 2.00000
0.94263 3.99627 3.03386 2.00000
0.94952 3.99671 3.03027 2.00000
0.95649 3.99716 3.02651 2.00000
0.96354 3.99761 3.02256 2.00000
0.97067 3.99807 3.01843 2.00000
0.97788 3.99854 3.01411 2.00000
0.98517 3.99902 3.00960 2.00000
0.99254 3.99951 3.00490 2.00000
1.00000 4.00000 3.00000 2.00000
1.00755 4.00049 2.99490 2.00005
1.01520 4.00096 2.98960 2.00020
1.02294 4.00141 2.98411 2.00044
1.03078 4.00184 2.97843 2.00077
1.03872 4.00226 2.97256 2.00119
1.04675 4.00265 2.96651 2.00169
1.05486 4.00303 2.96027 2.00228
1.06307 4.00339 2.95386 2.00294
1.07137 4.00373 2.94726 2.00369
1.07975 4.00405 2.94050 2.00450
1.08822 4.00436 2.93357 2.00538
1.09677 4.00465 2.92646 2.00634
1.10540 4.00492 2.91920 2.00735
1.11411 4.00518 2.91177 2.00843
1.12291 4.00542 2.90419 2.00956
1.13178 4.00564 2.89645 2.01075
1.14072 4.00586 2.88856 2.01199
1.14974 4.00605 2.88052 2.01328
1.15884 4.00623 2.87233 2.01462
1.16800 4.00640 2.86400 2.01600
1.17723 4.00655 2.85553 2.01742
1.18654 4.00669 2.84692 2.01888
1.19591 4.00682 2.83818 2.02037
1.20534 4.00693 2.82931 2.02189
1.21484 4.00703 2.82031 2.02344
1.22441 4.00712 2.81119 2.02501
1.23403 4.00719 2.80194 2.02661
1.24371 4.00726 2.79258 2.02822
1.25345 4.00731 2.78309 2.02986
1.26325 4.00735 2.77350 2.03150
1.27310 4.00738 2.76380 2.03315
1.28301 4.00740 2.75398 2.03482
1.29297 4.00741 2.74407 2.03648
1.30297 4.00741 2.73405 2.03815
1.31303 4.00739 2.72394 2.03981
1.32314 4.00737 2.71373 2.04147
1.33329 4.00734 2.70343 2.04312
1.34348 4.00730 2.69304 2.04476
1.35372 4.00726 2.68256 2.04639
1.36400 4.00720 2.67200 2.04800
1.37432 4.00714 2.66136 2.04959
1.38468 4.00706 2.65064 2.05116
1.39507 4.00699 2.63985 2.05270
1.40550 4.00690 2.62899 2.05421
1.41597 4.00681 2.61806 2.05569
1.42647 4.00671 2.60707 2.05713
1.43699 4.00660 2.59601 2.05854
1.44755 4.00649 2.58490 2.05990
1.45814 4.00637 2.57372 2.06123
1.46875 4.00625 2.56250 2.06250
1.47939 4.00612 2.55123 2.06372
1.49005 4.00599 2.53990 2.06490
1.50073 4.00585 2.52854 2.06601
1.51143 4.00571 2.51713 2.06707
1.52216 4.00557 2.50569 2.06806
1.53290 4.00542 2.49421 2.06899
1.54365 4.00527 2.48270 2.06985
1.55442 4.00512 2.47116 2.07064
1.56521 4.00496 2.45959 2.07136
1.57600 4.00480 2.44800 2.07200
1.58680 4.00464 2.43639 2.07256
1.59762 4.00448 2.42476 2.07304
1.60844 4.00431 2.41312 2.07343
1.61926 4.00415 2.40147 2.07373
1.63009 4.00398 2.38981 2.07394
1.64093 4.00381 2.37815 2.07405
1.65176 4.00365 2.36648 2.07407
1.66259 4.00348 2.35482 2.07398
1.67342 4.00332 2.34315 2.07380
1.68425 4.00315 2.33150 2.07350
1.69507 4.00299 2.31986 2.07309
1.70589 4.00282 2.30822 2.07258
1.71670 4.00266 2.29661 2.07194
1.72749 4.00250 2.28501 2.07119
1.73828 4.00234 2.27344 2.07031
1.74906 4.00219 2.26189 2.06931
1.75982 4.00204 2.25037 2.06818
1.77056 4.00189 2.23888 2.06692
1.78129 4.00174 2.22742 2.06553
1.79200 4.00160 2.21600 2.06400
1.80269 4.00146 2.20462 2.06233
1.81336 4.00133 2.19328 2.06052
1.82400 4.00120 2.18199 2.05856
1.83462 4.00108 2.17075 2.05645
1.84522 4.00096 2.15956 2.05419
1.85579 4.00084 2.14843 2.05177
1.86632 4.00074 2.13735 2.04920
1.87683 4.00063 2.12634 2.04646
1.88731 4.00054 2.11538 2.04357
1.89775 4.00045 2.10450 2.04050
1.90816 4.00037 2.09369 2.03726
1.91853 4.00029 2.08294 2.03386
1.92886 4.00023 2.07228 2.03027
1.93915 4.00017 2.06169 2.02651
1.94941 4.00012 2.05119 2.02256
1.95962 4.00008 2.04077 2.01843
1.96978 4.00004 2.03044 2.01411
1.97990 4.00002 2.02020 2.00960
1.98998 4.00001 2.01005 2.00490
2.00000 4.00000 2.00000 2.00000
2.01000 4.00000 1.99000 1.99490
2.02000 4.00000 1.98000 1.98960
2.03000 4.00000 1.97000 1.98411
2.04000 4.00000 1.96000 1.97843
2.05000 4.00000 1.95000 1.97256
2.06000 4.00000 1.94000 1.96651
2.07000 4.00000 1.93000 1.96027
2.08000 4.00000 1.92000 1.95386
2.09000 4.00000 1.91000 1.94726
2.10000 4.00000 1.90000 1.94050
2.11000 4.00000 1.89000 1.93357
2.12000 4.00000 1.88000 1.92646
2.13000 4.00000 1.87000 1.91920
2.14000 4.00000 1.86000 1.91177
2.15000 4.00000 1.85000 1.90419
2.16000 4.00000 1.84000 1.89645
2.17000 4.00000 1.83000 1.88856
2.18000 4.00000 1.82000 1.88052
2.19000 4.00000 1.81000 1.87233
2.20000 4.00000 1.80000 1.86400
2.21000 4.00000 1.79000 1.85553
2.22000 4.00000 1.78000 1.84692
2.23000 4.00000 1.77000 1.83818
2.24000 4.00000 1.76000 1.82931
2.25000 4.00000 1.75000 1.82031
2.26000 4.00000 1.74000 1.81119
2.27000 4.00000 1.73000 1.80194
2.28000 4.00000 1.72000 1.79258
2.29000 4.00000 1.71000 1.78309
2.30000 4.00000 1.70000 1.77350
2.31000 4.00000 1.69000 1.76380
2.32000 4.00000 1.68000 1.75398
2.33000 4.00000 1.67000 1.74407
2.34000 4.00000 1.66000 1.73405
2.35000 4.00000 1.65000 1.72394
2.36000 4.00000 1.64000 1.71373
2.37000 4.00000 1.63000 1.70343
2.38000 4.00000 1.62000 1.69304
2.39000 4.00000 1.61000 1.68256
2.40000 4.00000 1.60000 1.67200
2.41000 4.00000 1.59000 1.66136
2.42000 4.00000 1.58000 1.65064
2.43000 4.00000 1.57000 1.63985
2.44000 4.00000 1.56000 1.62899
2.45000 4.00000 1.55000 1.61806
2.46000 4.00000 1.54000 1.60707
2.47000 4.00000 1.53000 1.59601
2.48000 4.00000 1.52000 1.58490
2.49000 4.00000 1.51000 1.57372
2.50000 4.00000 1.50000 1.56250
2.51000 4.00000 1.49000 1.55123
2.52000 4.00000 1.48000 1.53990
2.53000 4.00000 1.47000 1.52854
2.54000 4.00000 1.46000 1.51713
2.55000 4.00000 1.45000 1.50569
2.56000 4.00000 1.44000 1.49421
2.57000 4.00000 1.43000 1.48270
2.58000 4.00000 1.42000 1.47116
2.59000 4.00000 1.41000 1.45959
2.60000 4.00000 1.40000 1.44800
2.61000 4.00000 1.39000 1.43639
2.62000 4.00000 1.38000 1.42476
2.63000 4.00000 1.37000 1.41312
2.64000 4.00000 1.36000 1.40147
2.65000 4.00000 1.35000 1.38981
2.66000 4.00000 1.34000 1.37815
2.67000 4.00000 1.33000 1.36648
2.68000 4.00000 1.32000 1.35482
2.69000 4.00000 1.31000 1.34315
2.70000 4.00000 1.30000 1.33150
2.71000 4.00000 1.29000 1.31986
2.72000 4.00000 1.28000 1.30822
2.73000 4.00000 1.27000 1.29661
2.74000 4.00000 1.26000 1.28501
2.75000 4.00000 1.25000 1.27344
2.76000 4.00000 1.24000 1.26189
2.77000 4.00000 1.23000 1.25037
2.78000 4.00000 1.22000 1.23888
2.79000 4.00000 1.21000 1.22742
2.80000 4.00000 1.20000 1.21600
2.81000 4.00000 1.19000 1.20462
2.82000 4.00000 1.18000 1.19328
2.83000 4.00000 1.17000 1.18199
2.84000 4.00000 1.16000 1.17075
2.85000 4.00000 1.15000 1.15956
2.86000 4.00000 1.14000 1.14843
2.87000 4.00000 1.13000 1.13735
2.88000 4.00000 1.12000 1.12634
2.89000 4.00000 1.11000 1.11538
2.90000 4.00000 1.10000 1.10450
2.91000 4.00000 1.09000 1.09369
2.92000 4.00000 1.08000 1.08294
2.93000 4.00000 1.07000 1.07228
2.94000 4.00000 1.06000 1.06169
2.95000 4.00000 1.05000 1.05119
2.96000 4.00000 1.04000 1.04077
2.97000 4.00000 1.03000 1.03044
2.98000 4.00000 1.02000 1.02020
2.99000 4.00000 1.01000 1.01005
3.00000 4.00000 1.00000 1.00000
3.01000 4.00000 0.99000 0.99000
3.02000 4.00000 0.98000 0.98000
3.03000 4.00000 0.97000 0.97000
3.04000 4.00000 0.96000 0.96000
3.05000 4.00000 0.95000 0.95000
3.06000 4.00000 0.94000 0.94000
3.07000 4.00000 0.93000 0.93000
3.08000 4.00000 0.92000 0.92000
3.09000 4.00000 0.91000 0.91000
3.10000 4.00000 0.90000 0.90000
3.11000 4.00000 0.89000 0.89000
3.12000 4.00000 0.88000 0.88000
3.13000 4.00000 0.87000 0.87000
3.14000 4.00000 0.86000 0.86000
3.15000 4.00000 0.85000 0.85000
3.16000 4.00000 0.84000 0.84000
3.17000 4.00000 0.83000 0.83000
3.18000 4.00000 0.82000 0.82000
3.19000 4.00000 0.81000 0.81000
3.20000 4.00000 0.80000 0.80000
3.21000 4.00000 0.79000 0.79000
3.22000 4.00000 0.78000 0.78000
3.23000 4.00000 0.77000 0.77000
3.24000 4.00000 0.76000 0.76000
3.25000 4.00000 0.75000 0.75000
3.26000 4.00000 0.74000 0.74000
3.27000 4.00000 0.73000 0.73000
3.28000 4.00000 0.72000 0.72000
3.29000 4.00000 0.71000 0.71000
3.30000 4.00000 0.70000 0.70000
3.31000 4.00000 0.69000 0.69000
3.32000 4.00000 0.68000 0.68000
3.33000 4.00000 0.67000 0.67000
3.34000 4.00000 0.66000 0.66000
3.35000 4.00000 0.65000 0.65000
3.36000 4.00000 0.64000 0.64000
3.37000 4.00000 0.63000 0.63000
3.38000 4.00000 0.62000 0.62000
3.39000 4.00000 0.61000 0.61000
3.40000 4.00000 0.60000 0.60000
3.41000 4.00000 0.59000 0.59000
3.42000 4.00000 0.58000 0.58000
3.43000 4.00000 0.57000 0.57000
3.44000 4.00000 0.56000 0.56000
3.45000 4.00000 0.55000 0.55000
3.46000 4.00000 0.54000 0.54000
3.47000 4.00000 0.53000 0.53000
3.48000 4.00000 0.52000 0.52000
3.49000 4.00000 0.51000 0.51000
3.50000 4.00000 0.50000 0.50000
3.51000 4.00000 0.49000 0.49000
3.52000 4.00000 0.48000 0.48000
3.53000 4.00000 0.47000 0.47000
3.54000 4.00000 0.46000 0.46000
3.55000 4.00000 0.45000 0.45000
3.56000 4.00000 0.44000 0.44000
3.57000 4.00000 0.43000 0.43000
3.58000 4.00000 0.42000 0.42000
3.59000 4.00000 0.41000 0.41000
3.60000 4.00000 0.40000 0.40000
3.61000 4.00000 0.39000 0.39000
3.62000 4.00000 0.38000 0.38000
3.63000 4.00000 0.37000 0.37000
3.64000 4.00000 0.36000 0.36000
3.65000 4.00000 0.35000 0.35000
3.66000 4.00000 0.34000 0.34000
3.67000 4.00000 0.33000 0.33000
3.68000 4.00000 0.32000 0.32000
3.69000 4.00000 0.31000 0.31000
3.70000 4.00000 0.30000 0.30000
3.71000 4.00000 0.29000 0.29000
3.72000 4.00000 0.28000 0.28000
3.73000 4.00000 0.27000 0.27000
3.74000 4.00000 0.26000 0.26000
3.75000 4.00000 0.25000 0.25000
3.76000 4.00000 0.24000 0.24000
3.77000 4.00000 0.23000 0.23000
3.78000 4.00000 0.22000 0.22000
3.79000 4.00000 0.21000 0.21000
3.80000 4.00000 0.20000 0.20000
3.81000 4.00000 0.19000 0.19000
3.82000 4.00000 0.18000 0.18000
3.83000 4.00000 0.17000 0.17000
3.84000 4.00000 0.16000 0.16000
3.85000 4.00000 0.15000 0.15000
3.86000 4.00000 0.14000 0.14000
3.87000 4.00000 0.13000 0.13000
3.88000 4.00000 0.12000 0.12000
3.89000 4.00000 0.11000 0.11000
3.90000 4.00000 0.10000 0.10000
3.91000 4.00000 0.09000 0.09000
3.92000 4.00000 0.08000 0.08000
3.93000 4.00000 0.07000 0.07000
3.94000 4.00000 0.06000 0.06000
3.95000 4.00000 0.05000 0.05000
3.96000 4.00000 0.04000 0.04000
3.97000 4.00000 0.03000 0.03000
3.98000 4.00000 0.02000 0.02000
3.99000 4.00000 0.01000 0.01000
4.00000 4.00000 0.00000 0.00000
