0.00000 0.00000 0.00000 0.00000
0.00000 0.01000 0.00000 0.01000
0.00000 0.02000 0.00000 0.02000
0.00000 0.03000 0.00000 0.03000
0.00000 0.04000 0.00000 0.04000
0.00000 0.05000 0.00000 0.05000
0.00000 0.06000 0.00000 0.06000
0.00000 0.07000 0.00000 0.07000
0.00000 0.08000 0.00000 0.08000
0.00000 0.09000 0.00000 0.09000
0.00000 0.10000 0.00000 0.10000
0.00000 0.11000 0.00000 0.11000
0.00000 0.12000 0.00000 0.12000
0.00000 0.13000 0.00000 0.13000
0.00000 0.14000 0.00000 0.14000
0.00000 0.15000 0.00000 0.15000
0.00000 0.16000 0.00000 0.16000
0.00000 0.17000 0.00000 0.17000
0.00000 0.18000 0.00000 0.18000
0.00000 0.19000 0.00000 0.19000
0.00000 0.20000 0.00000 0.20000
0.00000 0.21000 0.00000 0.21000
0.00000 0.22000 0.00000 0.22000
0.00000 0.23000 0.00000 0.23000
0.00000 0.24000 0.00000 0.24000
0.00000 0.25000 0.00000 0.25000
0.00000 0.26000 0.00000 0.26000
0.00000 0.27000 0.00000 0.27000
0.00000 0.28000 0.00000 0.28000
0.00000 0.29000 0.00000 0.29000
0.00000 0.30000 0.00000 0.30000
0.00000 0.31000 0.00000 0.31000
0.00000 0.32000 0.00000 0.32000
0.00000 0.33000 0.00000 0.33000
0.00000 0.34000 0.00000 0.34000
0.00000 0.35000 0.00000 0.35000
0.00000 0.36000 0.00000 0.36000
0.00000 0.37000 0.00000 0.37000
0.00000 0.38000 0.00000 0.38000
0.00000 0.39000 0.00000 0.39000
0.00000 0.40000 0.00000 0.40000
0.00000 0.41000 0.00000 0.41000
0.00000 0.42000 0.00000 0.42000
0.00000 0.43000 0.00000 0.43000
0.00000 0.44000 0.00000 0.44000
0.00000 0.45000 0.00000 0.45000
0.00000 0.46000 0.00000 0.46000
0.00000 0.47000 0.00000 0.47000
0.00000 0.48000 0.00000 0.48000
0.00000 0.49000 0.00000 0.49000
0.00000 0.50000 0.00000 0.50000
0.00000 0.51000 0.00000 0.51000
0.00000 0.52000 0.00000 0.52000
0.00000 0.53000 0.00000 0.53000
0.00000 0.54000 0.00000 0.54000
0.00000 0.55000 0.00000 0.55000
0.00000 0.56000 0.00000 0.56000
0.00000 0.57000 0.00000 0.57000
0.00000 0.58000 0.00000 0.58000
0.00000 0.59000 0.00000 0.59000
0.00000 0.60000 0.00000 0.60000
0.00000 0.61000 0.00000 0.61000
0.00000 0.62000 0.00000 0.62000
0.00000 0.63000 0.00000 0.63000
0.00000 0.64000 0.00000 0.64000
0.00000 0.65000 0.00000 0.65000
0.00000 0.66000 0.00000 0.66000
0.00000 0.67000 0.00000 0.67000
0.00000 0.68000 0.00000 0.68000
0.00000 0.69000 0.00000 0.69000
0.00000 0.70000 0.00000 0.70000
0.00000 0.71000 0.00000 0.71000
0.00000 0.72000 0.00000 0.72000
0.00000 0.73000 0.00000 0.73000
0.00000 0.74000 0.00000 0.74000
0.00000 0.75000 0.00000 0.75000
0.00000 0.76000 0.00000 0.76000
0.00000 0.77000 0.00000 0.77000
0.00000 0.78000 0.00000 0.78000
0.00000 0.79000 0.00000 0.79000
0.00000 0.80000 0.00000 0.80000
0.00000 0.81000 0.00000 0.81000
0.00000 0.82000 0.00000 0.82000
0.00000 0.83000 0.00000 0.83000
0.00000 0.84000 0.00000 0.84000
0.00000 0.85000 0.00000 0.85000
0.00000 0.86000 0.00000 0.86000
0.00000 0.87000 0.00000 0.87000
0.00000 0.88000 0.00000 0.88000
0.00000 0.89000 0.00000 0.89000
0.00000 0.90000 0.00000 0.90000
0.00000 0.91000 0.00000 0.91000
0.00000 0.92000 0.00000 0.92000
0.00000 0.93000 0.00000 0.93000
0.00000 0.94000 0.00000 0.94000
0.00000 0.95000 0.00000 0.95000
0.00000 0.96000 0.00000 0.96000
0.00000 0.97000 0.00000 0.97000
0.00000 0.98000 0.00000 0.98000
0.00000 0.99000 0.00000 0.99000
0.00000 1.00000 0.00000 1.00000
0.00000 1.01000 0.00000 1.01000
0.00000 1.02000 0.00000 1.02000
0.00000 1.03000 0.00000 1.03000
0.00000 1.04000 0.00000 1.04000
0.00000 1.05000 0.00000 1.05000
0.00000 1.06000 0.00000 1.06000
0.00000 1.07000 0.00000 1.07000
0.00000 1.08000 0.00000 1.08000
0.00000 1.09000 0.00000 1.09000
0.00000 1.10000 0.00000 1.10000
0.00000 1.11000 0.00000 1.11000
0.00000 1.12000 0.00000 1.12000
0.00000 1.13000 0.00000 1.13000
0.00000 1.14000 0.00000 1.14000
0.00000 1.15000 0.00000 1.15000
0.00000 1.16000 0.00000 1.16000
0.00000 1.17000 0.00000 1.17000
0.00000 1.18000 0.00000 1.18000
0.00000 1.19000 0.00000 1.19000
0.00000 1.20000 0.00000 1.20000
0.00000 1.21000 0.00000 1.21000
0.00000 1.22000 0.00000 1.22000
0.00000 1.23000 0.00000 1.23000
0.00000 1.24000 0.00000 1.24000
0.00000 1.25000 0.00000 1.25000
0.00000 1.26000 0.00000 1.26000
0.00000 1.27000 0.00000 1.27000
0.00000 1.28000 0.00000 1.28000
0.00000 1.29000 0.00000 1.29000
0.00000 1.30000 0.00000 1.30000
0.00000 1.31000 0.00000 1.31000
0.00000 1.32000 0.00000 1.32000
0.00000 1.33000 0.00000 1.33000
0.00000 1.34000 0.00000 1.34000
0.00000 1.35000 0.00000 1.35000
0.00000 1.36000 0.00000 1.36000
0.00000 1.37000 0.00000 1.37000
0.00000 1.38000 0.00000 1.38000
0.00000 1.39000 0.00000 1.39000
0.00000 1.40000 0.00000 1.40000
0.00000 1.41000 0.00000 1.41000
0.00000 1.42000 0.00000 1.42000
0.00000 1.43000 0.00000 1.43000
0.00000 1.44000 0.00000 1.44000
0.00000 1.45000 0.00000 1.45000
0.00000 1.46000 0.00000 1.46000
0.00000 1.47000 0.00000 1.47000
0.00000 1.48000 0.00000 1.48000
0.00000 1.49000 0.00000 1.49000
0.00000 1.50000 0.00000 1.50000
0.00000 1.51000 0.00000 1.51000
0.00000 1.52000 0.00000 1.52000
0.00000 1.53000 0.00000 1.53000
0.00000 1.54000 0.00000 1.54000
0.00000 1.55000 0.00000 1.55000
0.00000 1.56000 0.00000 1.56000
0.00000 1.57000 0.00000 1.57000
0.00000 1.58000 0.00000 1.58000
0.00000 1.59000 0.00000 1.59000
0.00000 1.60000 0.00000 1.60000
0.00000 1.61000 0.00000 1.61000
0.00000 1.62000 0.00000 1.62000
0.00000 1.63000 0.00000 1.63000
0.00000 1.64000 0.00000 1.64000
0.00000 1.65000 0.00000 1.65000
0.00000 1.66000 0.00000 1.66000
0.00000 1.67000 0.00000 1.67000
0.00000 1.68000 0.00000 1.68000
0.00000 1.69000 0.00000 1.69000
0.00000 1.70000 0.00000 1.70000
0.00000 1.71000 0.00000 1.71000
0.00000 1.72000 0.00000 1.72000
0.00000 1.73000 0.00000 1.73000
0.00000 1.74000 0.00000 1.74000
0.00000 1.75000 0.00000 1.75000
0.00000 1.76000 0.00000 1.76000
0.00000 1.77000 0.00000 1.77000
0.00000 1.78000 0.00000 1.78000
0.00000 1.79000 0.00000 1.79000
0.00000 1.80000 0.00000 1.80000
0.00000 1.81000 0.00000 1.81000
0.00000 1.82000 0.00000 1.82000
0.00000 1.83000 0.00000 1.83000
0.00000 1.84000 0.00000 1.84000
0.00000 1.85000 0.00000 1.85000
0.00000 1.86000 0.00000 1.86000
0.00000 1.87000 0.00000 1.87000
0.00000 1.88000 0.00000 1.88000
0.00000 1.89000 0.00000 1.89000
0.00000 1.90000 0.00000 1.90000
0.00000 1.91000 0.00000 1.91000
0.00000 1.92000 0.00000 1.92000
0.00000 1.93000 0.00000 1.93000
0.00000 1.94000 0.00000 1.94000
0.00000 1.95000 0.00000 1.95000
0.00000 1.96000 0.00000 1.96000
0.00000 1.97000 0.00000 1.97000
0.00000 1.98000 0.00000 1.98000
0.00000 1.99000 0.00000 1.99000
0.00000 2.00000 0.00000 2.00000
0.00000 2.01000 0.00000 2.00990
0.00000 2.02000 0.00000 2.01961
0.00000 2.03000 0.00000 2.02913
0.00000 2.04000 0.00000 2.03846
0.00000 2.05000 0.00000 2.04763
0.00000 2.06000 0.00000 2.05662
0.00000 2.07000 0.00000 2.06544
0.00000 2.08000 0.00000 2.07411
0.00000 2.09000 0.00000 2.08263
0.00000 2.10000 0.00000 2.09100
0.00000 2.11000 0.00000 2.09923
0.00000 2.12000 0.00000 2.10733
0.00000 2.13000 0.00000 2.11530
0.00000 2.14000 0.00000 2.12314
0.00000 2.15000 0.00000 2.13088
0.00000 2.16000 0.00000 2.13850
0.00000 2.17000 0.00000 2.14601
0.00000 2.18000 0.00000 2.15343
0.00000 2.19000 0.00000 2.16076
0.00000 2.20000 0.00000 2.16800
0.00000 2.21000 0.00000 2.17516
0.00000 2.22000 0.00000 2.18225
0.00000 2.23000 0.00000 2.18927
0.00000 2.24000 0.00000 2.19622
0.00000 2.25000 0.00000 2.20312
0.00000 2.26000 0.00000 2.20998
0.00000 2.27000 0.00000 2.21678
0.00000 2.28000 0.00000 2.22355
0.00000 2.29000 0.00000 2.23029
0.00000 2.30000 0.00000 2.23700
0.00000 2.31000 0.00000 2.24369
0.00000 2.32000 0.00000 2.25037
0.00000 2.33000 0.00000 2.25704
0.00000 2.34000 0.00000 2.26370
0.00000 2.35000 0.00000 2.27038
0.00000 2.36000 0.00000 2.27706
0.00000 2.37000 0.00000 2.28375
0.00000 2.38000 0.00000 2.29047
0.00000 2.39000 0.00000 2.29722
0.00000 2.40000 0.00000 2.30400
0.00000 2.41000 0.00000 2.31082
0.00000 2.42000 0.00000 2.31769
0.00000 2.43000 0.00000 2.32461
0.00000 2.44000 0.00000 2.33158
0.00000 2.45000 0.00000 2.33862
0.00000 2.46000 0.00000 2.34574
0.00000 2.47000 0.00000 2.35292
0.00000 2.48000 0.00000 2.36019
0.00000 2.49000 0.00000 2.36755
0.00000 2.50000 0.00000 2.37500
0.00000 2.51000 0.00000 2.38255
0.00000 2.52000 0.00000 2.39021
0.00000 2.53000 0.00000 2.39798
0.00000 2.54000 0.00000 2.40586
0.00000 2.55000 0.00000 2.41388
0.00000 2.56000 0.00000 2.42202
0.00000 2.57000 0.00000 2.43029
0.00000 2.58000 0.00000 2.43871
0.00000 2.59000 0.00000 2.44728
0.00000 2.60000 0.00000 2.45600
0.00000 2.61000 0.00000 2.46488
0.00000 2.62000 0.00000 2.47393
0.00000 2.63000 0.00000 2.48315
0.00000 2.64000 0.00000 2.49254
0.00000 2.65000 0.00000 2.50213
0.00000 2.66000 0.00000 2.51190
0.00000 2.67000 0.00000 2.52186
0.00000 2.68000 0.00000 2.53203
0.00000 2.69000 0.00000 2.54241
0.00000 2.70000 0.00000 2.55300
0.00000 2.71000 0.00000 2.56381
0.00000 2.72000 0.00000 2.57485
0.00000 2.73000 0.00000 2.58612
0.00000 2.74000 0.00000 2.59762
0.00000 2.75000 0.00000 2.60938
0.00000 2.76000 0.00000 2.62138
0.00000 2.77000 0.00000 2.63363
0.00000 2.78000 0.00000 2.64615
0.00000 2.79000 0.00000 2.65894
0.00000 2.80000 0.00000 2.67200
0.00000 2.81000 0.00000 2.68534
0.00000 2.82000 0.00000 2.69897
0.00000 2.83000 0.00000 2.71289
0.00000 2.84000 0.00000 2.72710
0.00000 2.85000 0.00000 2.74163
0.00000 2.86000 0.00000 2.75646
0.00000 2.87000 0.00000 2.77160
0.00000 2.88000 0.00000 2.78707
0.00000 2.89000 0.00000 2.80287
0.00000 2.90000 0.00000 2.81900
0.00000 2.91000 0.00000 2.83547
0.00000 2.92000 0.00000 2.85229
0.00000 2.93000 0.00000 2.86946
0.00000 2.94000 0.00000 2.88698
0.00000 2.95000 0.00000 2.90488
0.00000 2.96000 0.00000 2.92314
0.00000 2.97000 0.00000 2.94177
0.00000 2.98000 0.00000 2.96079
0.00000 2.99000 0.00000 2.98020
0.00000 3.00000 0.00000 3.00000
0.00000 3.01000 0.00000 3.02020
0.00000 3.02000 0.00000 3.04079
0.00000 3.03000 0.00000 3.06177
0.00000 3.04000 0.00000 3.08314
0.00000 3.05000 0.00000 3.10488
0.00000 3.06000 0.00000 3.12698
0.00000 3.07000 0.00000 3.14946
0.00000 3.08000 0.00000 3.17229
0.00000 3.09000 0.00000 3.19547
0.00000 3.10000 0.00000 3.21900
0.00000 3.11000 0.00000 3.24287
0.00000 3.12000 0.00000 3.26707
0.00000 3.13000 0.00000 3.29160
0.00000 3.14000 0.00000 3.31646
0.00000 3.15000 0.00000 3.34162
0.00000 3.16000 0.00000 3.36710
0.00000 3.17000 0.00000 3.39289
0.00000 3.18000 0.00000 3.41897
0.00000 3.19000 0.00000 3.44534
0.00000 3.20000 0.00000 3.47200
0.00000 3.21000 0.00000 3.49894
0.00000 3.22000 0.00000 3.52615
0.00000 3.23000 0.00000 3.55363
0.00000 3.24000 0.00000 3.58138
0.00000 3.25000 0.00000 3.60938
0.00000 3.26000 0.00000 3.63762
0.00000 3.27000 0.00000 3.66612
0.00000 3.28000 0.00000 3.69485
0.00000 3.29000 0.00000 3.72381
0.00000 3.30000 0.00000 3.75300
0.00000 3.31000 0.00000 3.78241
0.00000 3.32000 0.00000 3.81203
0.00000 3.33000 0.00000 3.84186
0.00000 3.34000 0.00000 3.87190
0.00000 3.35000 0.00000 3.90212
0.00000 3.36000 0.00000 3.93254
0.00000 3.37000 0.00000 3.96315
0.00000 3.38000 0.00000 3.99393
0.00000 3.39000 0.00000 4.02488
0.00000 3.40000 0.00000 4.05600
0.00000 3.41000 0.00000 4.08728
0.00000 3.42000 0.00000 4.11871
0.00000 3.43000 0.00000 4.15029
0.00000 3.44000 0.00000 4.18202
0.00000 3.45000 0.00000 4.21387
0.00000 3.46000 0.00000 4.24586
0.00000 3.47000 0.00000 4.27798
0.00000 3.48000 0.00000 4.31021
0.00000 3.49000 0.00000 4.34255
0.00000 3.50000 0.00000 4.37500
0.00000 3.51000 0.00000 4.40755
0.00000 3.52000 0.00000 4.44019
0.00000 3.53000 0.00000 4.47292
0.00000 3.54000 0.00000 4.50574
0.00000 3.55000 0.00000 4.53862
0.00000 3.56000 0.00000 4.57158
0.00000 3.57000 0.00000 4.60461
0.00000 3.58000 0.00000 4.63769
0.00000 3.59000 0.00000 4.67082
0.00000 3.60000 0.00000 4.70400
0.00000 3.61000 0.00000 4.73722
0.00000 3.62000 0.00000 4.77047
0.00000 3.63000 0.00000 4.80375
0.00000 3.64000 0.00000 4.83706
0.00000 3.65000 0.00000 4.87037
0.00000 3.66000 0.00000 4.90370
0.00000 3.67000 0.00000 4.93704
0.00000 3.68000 0.00000 4.97037
0.00000 3.69000 0.00000 5.00369
0.00000 3.70000 0.00000 5.03700
0.00000 3.71000 0.00000 5.07029
0.00000 3.72000 0.00000 5.10355
0.00000 3.73000 0.00000 5.13678
0.00000 3.74000 0.00000 5.16998
0.00000 3.75000 0.00000 5.20312
0.00000 3.76000 0.00000 5.23622
0.00000 3.77000 0.00000 5.26927
0.00000 3.78000 0.00000 5.30225
0.00000 3.79000 0.00000 5.33516
0.00000 3.80000 0.00000 5.36800
0.00000 3.81000 0.00000 5.40076
0.00000 3.82000 0.00000 5.43343
0.00000 3.83000 0.00000 5.46601
0.00000 3.84000 0.00000 5.49850
0.00000 3.85000 0.00000 5.53088
0.00000 3.86000 0.00000 5.56314
0.00000 3.87000 0.00000 5.59530
0.00000 3.88000 0.00000 5.62733
0.00000 3.89000 0.00000 5.65923
0.00000 3.90000 0.00000 5.69100
0.00000 3.91000 0.00000 5.72263
0.00000 3.92000 0.00000 5.75411
0.00000 3.93000 0.00000 5.78544
0.00000 3.94000 0.00000 5.81662
0.00000 3.95000 0.00000 5.84762
0.00000 3.96000 0.00000 5.87846
0.00000 3.97000 0.00000 5.90913
0.00000 3.98000 0.00000 5.93961
0.00000 3.99000 0.00000 5.96990
0.00000 4.00000 0.00000 6.00000
0.00000 4.01000 0.00000 6.03000
0.00000 4.02000 0.00000 6.06000
0.00000 4.03000 0.00000 6.09000
0.00000 4.04000 0.00000 6.12000
0.00000 4.05000 0.00000 6.15000
0.00000 4.06000 0.00000 6.18000
0.00000 4.07000 0.00000 6.21000
0.00000 4.08000 0.00000 6.24000
0.00000 4.09000 0.00000 6.27000
0.00000 4.10000 0.00000 6.30000
0.00000 4.11000 0.00000 6.33000
0.00000 4.12000 0.00000 6.36000
0.00000 4.13000 0.00000 6.39000
0.00000 4.14000 0.00000 6.42000
0.00000 4.15000 0.00000 6.45000
0.00000 4.16000 0.00000 6.48000
0.00000 4.17000 0.00000 6.51000
0.00000 4.18000 0.00000 6.54000
0.00000 4.19000 0.00000 6.57000
0.00000 4.20000 0.00000 6.60000
0.00000 4.21000 0.00000 6.63000
0.00000 4.22000 0.00000 6.66000
0.00000 4.23000 0.00000 6.69000
0.00000 4.24000 0.00000 6.72000
0.00000 4.25000 0.00000 6.75000
0.00000 4.26000 0.00000 6.78000
0.00000 4.27000 0.00000 6.81000
0.00000 4.28000 0.00000 6.84000
0.00000 4.29000 0.00000 6.87000
0.00000 4.30000 0.00000 6.90000
0.00000 4.31000 0.00000 6.93000
0.00000 4.32000 0.00000 6.96000
0.00000 4.33000 0.00000 6.99000
0.00000 4.34000 0.00000 7.02000
0.00000 4.35000 0.00000 7.05000
0.00000 4.36000 0.00000 7.08000
0.00000 4.37000 0.00000 7.11000
0.00000 4.38000 0.00000 7.14000
0.00000 4.39000 0.00000 7.17000
0.00000 4.40000 0.00000 7.20000
0.00000 4.41000 0.00000 7.23000
0.00000 4.42000 0.00000 7.26000
0.00000 4.43000 0.00000 7.29000
0.00000 4.44000 0.00000 7.32000
0.00000 4.45000 0.00000 7.35000
0.00000 4.46000 0.00000 7.38000
0.00000 4.47000 0.00000 7.41000
0.00000 4.48000 0.00000 7.44000
0.00000 4.49000 0.00000 7.47000
0.00000 4.50000 0.00000 7.50000
0.00000 4.51000 0.00000 7.53000
0.00000 4.52000 0.00000 7.56000
0.00000 4.53000 0.00000 7.59000
0.00000 4.54000 0.00000 7.62000
0.00000 4.55000 0.00000 7.65000
0.00000 4.56000 0.00000 7.68000
0.00000 4.57000 0.00000 7.71000
0.00000 4.58000 0.00000 7.74000
0.00000 4.59000 0.00000 7.77000
0.00000 4.60000 0.00000 7.80000
0.00000 4.61000 0.00000 7.83000
0.00000 4.62000 0.00000 7.86000
0.00000 4.63000 0.00000 7.89000
0.00000 4.64000 0.00000 7.92000
0.00000 4.65000 0.00000 7.95000
0.00000 4.66000 0.00000 7.98000
0.00000 4.67000 0.00000 8.01000
0.00000 4.68000 0.00000 8.04000
0.00000 4.69000 0.00000 8.07000
0.00000 4.70000 0.00000 8.10000
0.00000 4.71000 0.00000 8.13000
0.00000 4.72000 0.00000 8.16000
0.00000 4.73000 0.00000 8.19000
0.00000 4.74000 0.00000 8.22000
0.00000 4.75000 0.00000 8.25000
0.00000 4.76000 0.00000 8.28000
0.00000 4.77000 0.00000 8.31000
0.00000 4.78000 0.00000 8.34000
0.00000 4.79000 0.00000 8.37000
0.00000 4.80000 0.00000 8.40000
0.00000 4.81000 0.00000 8.43000
0.00000 4.82000 0.00000 8.46000
0.00000 4.83000 0.00000 8.49000
0.00000 4.84000 0.00000 8.52000
0.00000 4.85000 0.00000 8.55000
0.00000 4.86000 0.00000 8.58000
0.00000 4.87000 0.00000 8.61000
0.00000 4.88000 0.00000 8.64000
0.00000 4.89000 0.00000 8.67000
0.00000 4.90000 0.00000 8.70000
0.00000 4.91000 0.00000 8.73000
0.00000 4.92000 0.00000 8.76000
0.00000 4.93000 0.00000 8.79000
0.00000 4.94000 0.00000 8.82000
0.00000 4.95000 0.00000 8.85000
0.00000 4.96000 0.00000 8.88000
0.00000 4.97000 0.00000 8.91000
0.00000 4.98000 0.00000 8.94000
0.00000 4.99000 0.00000 8.97000
0.00000 5.00000 0.00000 9.00000
0.00000 5.01000 0.00000 9.03045
0.00000 5.02000 0.00000 9.06176
0.00000 5.03000 0.00000 9.09393
0.00000 5.04000 0.00000 9.12691
0.00000 5.05000 0.00000 9.16069
0.00000 5.06000 0.00000 9.19523
0.00000 5.07000 0.00000 9.23051
0.00000 5.08000 0.00000 9.26650
0.00000 5.09000 0.00000 9.30317
0.00000 5.10000 0.00000 9.34050
0.00000 5.11000 0.00000 9.37846
0.00000 5.12000 0.00000 9.41702
0.00000 5.13000 0.00000 9.45616
0.00000 5.14000 0.00000 9.49585
0.00000 5.15000 0.00000 9.53606
0.00000 5.16000 0.00000 9.57677
0.00000 5.17000 0.00000 9.61794
0.00000 5.18000 0.00000 9.65956
0.00000 5.19000 0.00000 9.70158
0.00000 5.20000 0.00000 9.74400
0.00000 5.21000 0.00000 9.78678
0.00000 5.22000 0.00000 9.82988
0.00000 5.23000 0.00000 9.87330
0.00000 5.24000 0.00000 9.91699
0.00000 5.25000 0.00000 9.96094
0.00000 5.26000 0.00000 10.00511
0.00000 5.27000 0.00000 10.04948
0.00000 5.28000 0.00000 10.09402
0.00000 5.29000 0.00000 10.13870
0.00000 5.30000 0.00000 10.18350
0.00000 5.31000 0.00000 10.22839
0.00000 5.32000 0.00000 10.27334
0.00000 5.33000 0.00000 10.31833
0.00000 5.34000 0.00000 10.36333
0.00000 5.35000 0.00000 10.40831
0.00000 5.36000 0.00000 10.45325
0.00000 5.37000 0.00000 10.49811
0.00000 5.38000 0.00000 10.54288
0.00000 5.39000 0.00000 10.58751
0.00000 5.40000 0.00000 10.63200
0.00000 5.41000 0.00000 10.67631
0.00000 5.42000 0.00000 10.72040
0.00000 5.43000 0.00000 10.76427
0.00000 5.44000 0.00000 10.80787
0.00000 5.45000 0.00000 10.85119
0.00000 5.46000 0.00000 10.89419
0.00000 5.47000 0.00000 10.93685
0.00000 5.48000 0.00000 10.97914
0.00000 5.49000 0.00000 11.02103
0.00000 5.50000 0.00000 11.06250
0.00000 5.51000 0.00000 11.10352
0.00000 5.52000 0.00000 11.14406
0.00000 5.53000 0.00000 11.18410
0.00000 5.54000 0.00000 11.22361
0.00000 5.55000 0.00000 11.26256
0.00000 5.56000 0.00000 11.30093
0.00000 5.57000 0.00000 11.33868
0.00000 5.58000 0.00000 11.37580
0.00000 5.59000 0.00000 11.41224
0.00000 5.60000 0.00000 11.44800
0.00000 5.61000 0.00000 11.48304
0.00000 5.62000 0.00000 11.51732
0.00000 5.63000 0.00000 11.55084
0.00000 5.64000 0.00000 11.58355
0.00000 5.65000 0.00000 11.61544
0.00000 5.66000 0.00000 11.64647
0.00000 5.67000 0.00000 11.67662
0.00000 5.68000 0.00000 11.70586
0.00000 5.69000 0.00000 11.73416
0.00000 5.70000 0.00000 11.76150
0.00000 5.71000 0.00000 11.78785
0.00000 5.72000 0.00000 11.81318
0.00000 5.73000 0.00000 11.83747
0.00000 5.74000 0.00000 11.86069
0.00000 5.75000 0.00000 11.88281
0.00000 5.76000 0.00000 11.90381
0.00000 5.77000 0.00000 11.92365
0.00000 5.78000 0.00000 11.94232
0.00000 5.79000 0.00000 11.95977
0.00000 5.80000 0.00000 11.97600
0.00000 5.81000 0.00000 11.99097
0.00000 5.82000 0.00000 12.00464
0.00000 5.83000 0.00000 12.01701
0.00000 5.84000 0.00000 12.02803
0.00000 5.85000 0.00000 12.03769
0.00000 5.86000 0.00000 12.04595
0.00000 5.87000 0.00000 12.05279
0.00000 5.88000 0.00000 12.05818
0.00000 5.89000 0.00000 12.06209
0.00000 5.90000 0.00000 12.06450
0.00000 5.91000 0.00000 12.06538
0.00000 5.92000 0.00000 12.06470
0.00000 5.93000 0.00000 12.06244
0.00000 5.94000 0.00000 12.05857
0.00000 5.95000 0.00000 12.05306
0.00000 5.96000 0.00000 12.04589
0.00000 5.97000 0.00000 12.03702
0.00000 5.98000 0.00000 12.02644
0.00000 5.99000 0.00000 12.01410
0.00000 6.00000 0.00000 12.00000
0.00000 6.01000 0.00000 11.98396
0.00000 6.02000 0.00000 11.96585
0.00000 6.03000 0.00000 11.94571
0.00000 6.04000 0.00000 11.92358
0.00000 6.05000 0.00000 11.89950
0.00000 6.06000 0.00000 11.87350
0.00000 6.07000 0.00000 11.84561
0.00000 6.08000 0.00000 11.81587
0.00000 6.09000 0.00000 11.78432
0.00000 6.10000 0.00000 11.75100
0.00000 6.11000 0.00000 11.71594
0.00000 6.12000 0.00000 11.67917
0.00000 6.13000 0.00000 11.64073
0.00000 6.14000 0.00000 11.60066
0.00000 6.15000 0.00000 11.55900
0.00000 6.16000 0.00000 11.51578
0.00000 6.17000 0.00000 11.47103
0.00000 6.18000 0.00000 11.42479
0.00000 6.19000 0.00000 11.37710
0.00000 6.20000 0.00000 11.32800
0.00000 6.21000 0.00000 11.27752
0.00000 6.22000 0.00000 11.22569
0.00000 6.23000 0.00000 11.17255
0.00000 6.24000 0.00000 11.11814
0.00000 6.25000 0.00000 11.06250
0.00000 6.26000 0.00000 11.00566
0.00000 6.27000 0.00000 10.94765
0.00000 6.28000 0.00000 10.88851
0.00000 6.29000 0.00000 10.82828
0.00000 6.30000 0.00000 10.76700
0.00000 6.31000 0.00000 10.70470
0.00000 6.32000 0.00000 10.64141
0.00000 6.33000 0.00000 10.57717
0.00000 6.34000 0.00000 10.51202
0.00000 6.35000 0.00000 10.44600
0.00000 6.36000 0.00000 10.37914
0.00000 6.37000 0.00000 10.31147
0.00000 6.38000 0.00000 10.24303
0.00000 6.39000 0.00000 10.17386
0.00000 6.40000 0.00000 10.10400
0.00000 6.41000 0.00000 10.03348
0.00000 6.42000 0.00000 9.96233
0.00000 6.43000 0.00000 9.89059
0.00000 6.44000 0.00000 9.81830
0.00000 6.45000 0.00000 9.74550
0.00000 6.46000 0.00000 9.67222
0.00000 6.47000 0.00000 9.59849
0.00000 6.48000 0.00000 9.52435
0.00000 6.49000 0.00000 9.44984
0.00000 6.50000 0.00000 9.37500
0.00000 6.51000 0.00000 9.29986
0.00000 6.52000 0.00000 9.22445
0.00000 6.53000 0.00000 9.14881
0.00000 6.54000 0.00000 9.07298
0.00000 6.55000 0.00000 8.99700
0.00000 6.56000 0.00000 8.92090
0.00000 6.57000 0.00000 8.84471
0.00000 6.58000 0.00000 8.76847
0.00000 6.59000 0.00000 8.69222
0.00000 6.60000 0.00000 8.61600
0.00000 6.61000 0.00000 8.53984
0.00000 6.62000 0.00000 8.46377
0.00000 6.63000 0.00000 8.38783
0.00000 6.64000 0.00000 8.31206
0.00000 6.65000 0.00000 8.23650
0.00000 6.66000 0.00000 8.16118
0.00000 6.67000 0.00000 8.08613
0.00000 6.68000 0.00000 8.01139
0.00000 6.69000 0.00000 7.93700
0.00000 6.70000 0.00000 7.86300
0.00000 6.71000 0.00000 7.78942
0.00000 6.72000 0.00000 7.71629
0.00000 6.73000 0.00000 7.64365
0.00000 6.74000 0.00000 7.57154
0.00000 6.75000 0.00000 7.50000
0.00000 6.76000 0.00000 7.42906
0.00000 6.77000 0.00000 7.35875
0.00000 6.78000 0.00000 7.28911
0.00000 6.79000 0.00000 7.22018
0.00000 6.80000 0.00000 7.15200
0.00000 6.81000 0.00000 7.08460
0.00000 6.82000 0.00000 7.01801
0.00000 6.83000 0.00000 6.95227
0.00000 6.84000 0.00000 6.88742
0.00000 6.85000 0.00000 6.82350
0.00000 6.86000 0.00000 6.76054
0.00000 6.87000 0.00000 6.69857
0.00000 6.88000 0.00000 6.63763
0.00000 6.89000 0.00000 6.57776
0.00000 6.90000 0.00000 6.51900
0.00000 6.91000 0.00000 6.46138
0.00000 6.92000 0.00000 6.40493
0.00000 6.93000 0.00000 6.34969
0.00000 6.94000 0.00000 6.29570
0.00000 6.95000 0.00000 6.24300
0.00000 6.96000 0.00000 6.19162
0.00000 6.97000 0.00000 6.14159
0.00000 6.98000 0.00000 6.09295
0.00000 6.99000 0.00000 6.04574
0.00000 7.00000 0.00000 6.00000
0.00000 7.01000 0.00000 5.95530
0.00000 7.02000 0.00000 5.91119
0.00000 7.03000 0.00000 5.86766
0.00000 7.04000 0.00000 5.82470
0.00000 7.05000 0.00000 5.78231
0.00000 7.06000 0.00000 5.74048
0.00000 7.07000 0.00000 5.69919
0.00000 7.08000 0.00000 5.65843
0.00000 7.09000 0.00000 5.61821
0.00000 7.10000 0.00000 5.57850
0.00000 7.11000 0.00000 5.53930
0.00000 7.12000 0.00000 5.50061
0.00000 7.13000 0.00000 5.46240
0.00000 7.14000 0.00000 5.42468
0.00000 7.15000 0.00000 5.38744
0.00000 7.16000 0.00000 5.35066
0.00000 7.17000 0.00000 5.31433
0.00000 7.18000 0.00000 5.27845
0.00000 7.19000 0.00000 5.24301
0.00000 7.20000 0.00000 5.20800
0.00000 7.21000 0.00000 5.17341
0.00000 7.22000 0.00000 5.13923
0.00000 7.23000 0.00000 5.10545
0.00000 7.24000 0.00000 5.07206
0.00000 7.25000 0.00000 5.03906
0.00000 7.26000 0.00000 5.00644
0.00000 7.27000 0.00000 4.97418
0.00000 7.28000 0.00000 4.94227
0.00000 7.29000 0.00000 4.91072
0.00000 7.30000 0.00000 4.87950
0.00000 7.31000 0.00000 4.84861
0.00000 7.32000 0.00000 4.81805
0.00000 7.33000 0.00000 4.78779
0.00000 7.34000 0.00000 4.75784
0.00000 7.35000 0.00000 4.72819
0.00000 7.36000 0.00000 4.69882
0.00000 7.37000 0.00000 4.66972
0.00000 7.38000 0.00000 4.64089
0.00000 7.39000 0.00000 4.61232
0.00000 7.40000 0.00000 4.58400
0.00000 7.41000 0.00000 4.55592
0.00000 7.42000 0.00000 4.52807
0.00000 7.43000 0.00000 4.50044
0.00000 7.44000 0.00000 4.47302
0.00000 7.45000 0.00000 4.44581
0.00000 7.46000 0.00000 4.41880
0.00000 7.47000 0.00000 4.39197
0.00000 7.48000 0.00000 4.36531
0.00000 7.49000 0.00000 4.33883
0.00000 7.50000 0.00000 4.31250
0.00000 7.51000 0.00000 4.28632
0.00000 7.52000 0.00000 4.26029
0.00000 7.53000 0.00000 4.23438
0.00000 7.54000 0.00000 4.20860
0.00000 7.55000 0.00000 4.18294
0.00000 7.56000 0.00000 4.15738
0.00000 7.57000 0.00000 4.13191
0.00000 7.58000 0.00000 4.10653
0.00000 7.59000 0.00000 4.08123
0.00000 7.60000 0.00000 4.05600
0.00000 7.61000 0.00000 4.03083
0.00000 7.62000 0.00000 4.00571
0.00000 7.63000 0.00000 3.98063
0.00000 7.64000 0.00000 3.95558
0.00000 7.65000 0.00000 3.93056
0.00000 7.66000 0.00000 3.90556
0.00000 7.67000 0.00000 3.88056
0.00000 7.68000 0.00000 3.85555
0.00000 7.69000 0.00000 3.83054
0.00000 7.70000 0.00000 3.80550
0.00000 7.71000 0.00000 3.78043
0.00000 7.72000 0.00000 3.75533
0.00000 7.73000 0.00000 3.73017
0.00000 7.74000 0.00000 3.70496
0.00000 7.75000 0.00000 3.67969
0.00000 7.76000 0.00000 3.65434
0.00000 7.77000 0.00000 3.62890
0.00000 7.78000 0.00000 3.60337
0.00000 7.79000 0.00000 3.57774
0.00000 7.80000 0.00000 3.55200
0.00000 7.81000 0.00000 3.52614
0.00000 7.82000 0.00000 3.50015
0.00000 7.83000 0.00000 3.47402
0.00000 7.84000 0.00000 3.44774
0.00000 7.85000 0.00000 3.42131
0.00000 7.86000 0.00000 3.39472
0.00000 7.87000 0.00000 3.36795
0.00000 7.88000 0.00000 3.34099
0.00000 7.89000 0.00000 3.31385
0.00000 7.90000 0.00000 3.28650
0.00000 7.91000 0.00000 3.25894
0.00000 7.92000 0.00000 3.23117
0.00000 7.93000 0.00000 3.20316
0.00000 7.94000 0.00000 3.17492
0.00000 7.95000 0.00000 3.14644
0.00000 7.96000 0.00000 3.11770
0.00000 7.97000 0.00000 3.08869
0.00000 7.98000 0.00000 3.05941
0.00000 7.99000 0.00000 3.02985
0.00000 8.00000 0.00000 3.00000
0.00000 8.01000 0.00000 2.97000
0.00000 8.02000 0.00000 2.94000
0.00000 8.03000 0.00000 2.91000
0.00000 8.04000 0.00000 2.88000
0.00000 8.05000 0.00000 2.85000
0.00000 8.06000 0.00000 2.82000
0.00000 8.07000 0.00000 2.79000
0.00000 8.08000 0.00000 2.76000
0.00000 8.09000 0.00000 2.73000
0.00000 8.10000 0.00000 2.70000
0.00000 8.11000 0.00000 2.67000
0.00000 8.12000 0.00000 2.64000
0.00000 8.13000 0.00000 2.61000
0.00000 8.14000 0.00000 2.58000
0.00000 8.15000 0.00000 2.55000
0.00000 8.16000 0.00000 2.52000
0.00000 8.17000 0.00000 2.49000
0.00000 8.18000 0.00000 2.46000
0.00000 8.19000 0.00000 2.43000
0.00000 8.20000 0.00000 2.40000
0.00000 8.21000 0.00000 2.37000
0.00000 8.22000 0.00000 2.34000
0.00000 8.23000 0.00000 2.31000
0.00000 8.24000 0.00000 2.28000
0.00000 8.25000 0.00000 2.25000
0.00000 8.26000 0.00000 2.22000
0.00000 8.27000 0.00000 2.19000
0.00000 8.28000 0.00000 2.16000
0.00000 8.29000 0.00000 2.13000
0.00000 8.30000 0.00000 2.10000
0.00000 8.31000 0.00000 2.07000
0.00000 8.32000 0.00000 2.04000
0.00000 8.33000 0.00000 2.01000
0.00000 8.34000 0.00000 1.98000
0.00000 8.35000 0.00000 1.95000
0.00000 8.36000 0.00000 1.92000
0.00000 8.37000 0.00000 1.89000
0.00000 8.38000 0.00000 1.86000
0.00000 8.39000 0.00000 1.83000
0.00000 8.40000 0.00000 1.80000
0.00000 8.41000 0.00000 1.77000
0.00000 8.42000 0.00000 1.74000
0.00000 8.43000 0.00000 1.71000
0.00000 8.44000 0.00000 1.68000
0.00000 8.45000 0.00000 1.65000
0.00000 8.46000 0.00000 1.62000
0.00000 8.47000 0.00000 1.59000
0.00000 8.48000 0.00000 1.56000
0.00000 8.49000 0.00000 1.53000
0.00000 8.50000 0.00000 1.50000
0.00000 8.51000 0.00000 1.47000
0.00000 8.52000 0.00000 1.44000
0.00000 8.53000 0.00000 1.41000
0.00000 8.54000 0.00000 1.38000
0.00000 8.55000 0.00000 1.35000
0.00000 8.56000 0.00000 1.32000
0.00000 8.57000 0.00000 1.29000
0.00000 8.58000 0.00000 1.26000
0.00000 8.59000 0.00000 1.23000
0.00000 8.60000 0.00000 1.20000
0.00000 8.61000 0.00000 1.17000
0.00000 8.62000 0.00000 1.14000
0.00000 8.63000 0.00000 1.11000
0.00000 8.64000 0.00000 1.08000
0.00000 8.65000 0.00000 1.05000
0.00000 8.66000 0.00000 1.02000
0.00000 8.67000 0.00000 0.99000
0.00000 8.68000 0.00000 0.96000
0.00000 8.69000 0.00000 0.93000
0.00000 8.70000 0.00000 0.90000
0.00000 8.71000 0.00000 0.87000
0.00000 8.72000 0.00000 0.84000
0.00000 8.73000 0.00000 0.81000
0.00000 8.74000 0.00000 0.78000
0.00000 8.75000 0.00000 0.75000
0.00000 8.76000 0.00000 0.72000
0.00000 8.77000 0.00000 0.69000
0.00000 8.78000 0.00000 0.66000
0.00000 8.79000 0.00000 0.63000
0.00000 8.80000 0.00000 0.60000
0.00000 8.81000 0.00000 0.57000
0.00000 8.82000 0.00000 0.54000
0.00000 8.83000 0.00000 0.51000
0.00000 8.84000 0.00000 0.48000
0.00000 8.85000 0.00000 0.45000
0.00000 8.86000 0.00000 0.42000
0.00000 8.87000 0.00000 0.39000
0.00000 8.88000 0.00000 0.36000
0.00000 8.89000 0.00000 0.33000
0.00000 8.90000 0.00000 0.30000
0.00000 8.91000 0.00000 0.27000
0.00000 8.92000 0.00000 0.24000
0.00000 8.93000 0.00000 0.21000
0.00000 8.94000 0.00000 0.18000
0.00000 8.95000 0.00000 0.15000
0.00000 8.96000 0.00000 0.12000
0.00000 8.97000 0.00000 0.09000
0.00000 8.98000 0.00000 0.06000
0.00000 8.99000 0.00000 0.03000
0.00000 9.00000 0.00000 0.00000
